Caja 1,K004,35,30,25,0,0,3
Caja 2,K005,40,25,25,0,0,3
Caja 3,K001,20,20,25,0,0,3
Caja 4,K006,40,35,25,0,0,3
Caja 5,K005,40,25,25,0,0,3
Caja 6,K001,20,20,25,0,0,3
Caja 7,K006,40,35,25,0,0,3
Caja 8,K001,20,20,25,0,0,3
Caja 9,K006,40,35,25,0,0,3
Caja 10,K005,40,25,25,0,0,3
Caja 11,K002,25,25,25,0,0,3
Caja 12,K003,30,30,25,0,0,3
Caja 13,K006,40,35,25,0,0,3
Caja 14,K004,35,30,25,0,0,3
Caja 15,K003,30,30,25,0,0,3
Caja 16,K004,35,30,25,0,0,3
Caja 17,K004,35,30,25,0,0,3
Caja 18,K002,25,25,25,0,0,3
Caja 19,K004,35,30,25,0,0,3
Caja 20,K006,40,35,25,0,0,3
Caja 21,K005,40,25,25,0,0,3
Caja 22,K001,20,20,25,0,0,3
Caja 23,K003,30,30,25,0,0,3
Caja 24,K002,25,25,25,0,0,3
Caja 25,K005,40,25,25,0,0,3
Caja 26,K001,20,20,25,0,0,3
Caja 27,K002,25,25,25,0,0,3
Caja 28,K006,40,35,25,0,0,3
Caja 29,K002,25,25,25,0,0,3
Caja 30,K001,20,20,25,0,0,3
Caja 31,K002,25,25,25,0,0,3
Caja 32,K006,40,35,25,0,0,3
Caja 33,K004,35,30,25,0,0,3
Caja 34,K005,40,25,25,0,0,3
Caja 35,K002,25,25,25,0,0,3
Caja 36,K002,25,25,25,0,0,3
Caja 37,K006,40,35,25,0,0,3
Caja 38,K001,20,20,25,0,0,3
Caja 39,K005,40,25,25,0,0,3
Caja 40,K006,40,35,25,0,0,3
Caja 41,K002,25,25,25,0,0,3
Caja 42,K002,25,25,25,0,0,3
Caja 43,K002,25,25,25,0,0,3
Caja 44,K005,40,25,25,0,0,3
Caja 45,K004,35,30,25,0,0,3
Caja 46,K003,30,30,25,0,0,3
Caja 47,K003,30,30,25,0,0,3
Caja 48,K002,25,25,25,0,0,3
Caja 49,K001,20,20,25,0,0,3
Caja 50,K006,40,35,25,0,0,3
Caja 51,K004,35,30,25,0,0,3
Caja 52,K001,20,20,25,0,0,3
Caja 53,K005,40,25,25,0,0,3
Caja 54,K005,40,25,25,0,0,3
Caja 55,K003,30,30,25,0,0,3
Caja 56,K004,35,30,25,0,0,3
Caja 57,K002,25,25,25,0,0,3
Caja 58,K002,25,25,25,0,0,3
Caja 59,K005,40,25,25,0,0,3
Caja 60,K002,25,25,25,0,0,3
Caja 61,K003,30,30,25,0,0,3
Caja 62,K003,30,30,25,0,0,3
Caja 63,K004,35,30,25,0,0,3
Caja 64,K006,40,35,25,0,0,3
Caja 65,K003,30,30,25,0,0,3
Caja 66,K005,40,25,25,0,0,3
Caja 67,K006,40,35,25,0,0,3
Caja 68,K002,25,25,25,0,0,3
Caja 69,K001,20,20,25,0,0,3
Caja 70,K004,35,30,25,0,0,3
Caja 71,K006,40,35,25,0,0,3
Caja 72,K001,20,20,25,0,0,3
Caja 73,K006,40,35,25,0,0,3
Caja 74,K003,30,30,25,0,0,3
Caja 75,K005,40,25,25,0,0,3
Caja 76,K003,30,30,25,0,0,3
Caja 77,K004,35,30,25,0,0,3
Caja 78,K003,30,30,25,0,0,3
Caja 79,K004,35,30,25,0,0,3
Caja 80,K006,40,35,25,0,0,3
Caja 81,K006,40,35,25,0,0,3
Caja 82,K005,40,25,25,0,0,3
Caja 83,K003,30,30,25,0,0,3
Caja 84,K001,20,20,25,0,0,3
Caja 85,K002,25,25,25,0,0,3
Caja 86,K006,40,35,25,0,0,3
Caja 87,K002,25,25,25,0,0,3
Caja 88,K003,30,30,25,0,0,3
Caja 89,K003,30,30,25,0,0,3
Caja 90,K002,25,25,25,0,0,3
Caja 91,K005,40,25,25,0,0,3
Caja 92,K005,40,25,25,0,0,3
Caja 93,K001,20,20,25,0,0,3
Caja 94,K001,20,20,25,0,0,3
Caja 95,K006,40,35,25,0,0,3
Caja 96,K004,35,30,25,0,0,3
Caja 97,K005,40,25,25,0,0,3
Caja 98,K002,25,25,25,0,0,3
Caja 99,K002,25,25,25,0,0,3
Caja 100,K004,35,30,25,0,0,3
