Caja 1,K005,40,25,25,0,0,3
Caja 2,K004,35,30,25,0,0,3
Caja 3,K005,40,25,25,0,0,3
Caja 4,K003,30,30,25,0,0,3
Caja 5,K003,30,30,25,0,0,3
Caja 6,K002,25,25,25,0,0,3
Caja 7,K003,30,30,25,0,0,3
Caja 8,K004,35,30,25,0,0,3
Caja 9,K003,30,30,25,0,0,3
Caja 10,K001,20,20,25,0,0,3
Caja 11,K003,30,30,25,0,0,3
Caja 12,K002,25,25,25,0,0,3
Caja 13,K003,30,30,25,0,0,3
Caja 14,K002,25,25,25,0,0,3
Caja 15,K003,30,30,25,0,0,3
Caja 16,K002,25,25,25,0,0,3
Caja 17,K006,40,35,25,0,0,3
Caja 18,K002,25,25,25,0,0,3
Caja 19,K001,20,20,25,0,0,3
Caja 20,K001,20,20,25,0,0,3
Caja 21,K002,25,25,25,0,0,3
Caja 22,K003,30,30,25,0,0,3
Caja 23,K002,25,25,25,0,0,3
Caja 24,K003,30,30,25,0,0,3
Caja 25,K005,40,25,25,0,0,3
Caja 26,K004,35,30,25,0,0,3
Caja 27,K002,25,25,25,0,0,3
Caja 28,K004,35,30,25,0,0,3
Caja 29,K002,25,25,25,0,0,3
Caja 30,K005,40,25,25,0,0,3
Caja 31,K001,20,20,25,0,0,3
Caja 32,K003,30,30,25,0,0,3
Caja 33,K004,35,30,25,0,0,3
Caja 34,K002,25,25,25,0,0,3
Caja 35,K005,40,25,25,0,0,3
Caja 36,K004,35,30,25,0,0,3
Caja 37,K006,40,35,25,0,0,3
Caja 38,K003,30,30,25,0,0,3
Caja 39,K004,35,30,25,0,0,3
Caja 40,K005,40,25,25,0,0,3
Caja 41,K003,30,30,25,0,0,3
Caja 42,K006,40,35,25,0,0,3
Caja 43,K001,20,20,25,0,0,3
Caja 44,K006,40,35,25,0,0,3
Caja 45,K003,30,30,25,0,0,3
Caja 46,K002,25,25,25,0,0,3
Caja 47,K001,20,20,25,0,0,3
Caja 48,K001,20,20,25,0,0,3
Caja 49,K002,25,25,25,0,0,3
Caja 50,K001,20,20,25,0,0,3
Caja 51,K002,25,25,25,0,0,3
Caja 52,K004,35,30,25,0,0,3
Caja 53,K004,35,30,25,0,0,3
Caja 54,K002,25,25,25,0,0,3
Caja 55,K004,35,30,25,0,0,3
Caja 56,K006,40,35,25,0,0,3
Caja 57,K006,40,35,25,0,0,3
Caja 58,K005,40,25,25,0,0,3
Caja 59,K004,35,30,25,0,0,3
Caja 60,K005,40,25,25,0,0,3
Caja 61,K003,30,30,25,0,0,3
Caja 62,K003,30,30,25,0,0,3
Caja 63,K005,40,25,25,0,0,3
Caja 64,K003,30,30,25,0,0,3
Caja 65,K006,40,35,25,0,0,3
Caja 66,K006,40,35,25,0,0,3
Caja 67,K004,35,30,25,0,0,3
Caja 68,K006,40,35,25,0,0,3
Caja 69,K001,20,20,25,0,0,3
Caja 70,K003,30,30,25,0,0,3
Caja 71,K006,40,35,25,0,0,3
Caja 72,K002,25,25,25,0,0,3
Caja 73,K003,30,30,25,0,0,3
Caja 74,K005,40,25,25,0,0,3
Caja 75,K006,40,35,25,0,0,3
Caja 76,K006,40,35,25,0,0,3
Caja 77,K004,35,30,25,0,0,3
Caja 78,K004,35,30,25,0,0,3
Caja 79,K006,40,35,25,0,0,3
Caja 80,K004,35,30,25,0,0,3
Caja 81,K002,25,25,25,0,0,3
Caja 82,K002,25,25,25,0,0,3
Caja 83,K004,35,30,25,0,0,3
Caja 84,K003,30,30,25,0,0,3
Caja 85,K004,35,30,25,0,0,3
Caja 86,K003,30,30,25,0,0,3
Caja 87,K006,40,35,25,0,0,3
Caja 88,K002,25,25,25,0,0,3
Caja 89,K002,25,25,25,0,0,3
Caja 90,K006,40,35,25,0,0,3
Caja 91,K003,30,30,25,0,0,3
Caja 92,K006,40,35,25,0,0,3
Caja 93,K003,30,30,25,0,0,3
Caja 94,K006,40,35,25,0,0,3
Caja 95,K001,20,20,25,0,0,3
Caja 96,K005,40,25,25,0,0,3
Caja 97,K006,40,35,25,0,0,3
Caja 98,K005,40,25,25,0,0,3
Caja 99,K002,25,25,25,0,0,3
Caja 100,K002,25,25,25,0,0,3
Caja 101,K003,30,30,25,0,0,3
Caja 102,K004,35,30,25,0,0,3
Caja 103,K006,40,35,25,0,0,3
Caja 104,K001,20,20,25,0,0,3
Caja 105,K004,35,30,25,0,0,3
Caja 106,K005,40,25,25,0,0,3
Caja 107,K003,30,30,25,0,0,3
Caja 108,K002,25,25,25,0,0,3
Caja 109,K003,30,30,25,0,0,3
Caja 110,K003,30,30,25,0,0,3
Caja 111,K004,35,30,25,0,0,3
Caja 112,K003,30,30,25,0,0,3
Caja 113,K005,40,25,25,0,0,3
Caja 114,K006,40,35,25,0,0,3
Caja 115,K001,20,20,25,0,0,3
Caja 116,K003,30,30,25,0,0,3
Caja 117,K003,30,30,25,0,0,3
Caja 118,K004,35,30,25,0,0,3
Caja 119,K004,35,30,25,0,0,3
Caja 120,K003,30,30,25,0,0,3
Caja 121,K003,30,30,25,0,0,3
Caja 122,K005,40,25,25,0,0,3
Caja 123,K006,40,35,25,0,0,3
Caja 124,K002,25,25,25,0,0,3
Caja 125,K001,20,20,25,0,0,3
Caja 126,K004,35,30,25,0,0,3
Caja 127,K004,35,30,25,0,0,3
Caja 128,K003,30,30,25,0,0,3
Caja 129,K004,35,30,25,0,0,3
Caja 130,K003,30,30,25,0,0,3
Caja 131,K004,35,30,25,0,0,3
Caja 132,K001,20,20,25,0,0,3
Caja 133,K006,40,35,25,0,0,3
Caja 134,K004,35,30,25,0,0,3
Caja 135,K001,20,20,25,0,0,3
Caja 136,K006,40,35,25,0,0,3
Caja 137,K004,35,30,25,0,0,3
Caja 138,K005,40,25,25,0,0,3
Caja 139,K003,30,30,25,0,0,3
Caja 140,K001,20,20,25,0,0,3
Caja 141,K002,25,25,25,0,0,3
Caja 142,K003,30,30,25,0,0,3
Caja 143,K003,30,30,25,0,0,3
Caja 144,K003,30,30,25,0,0,3
Caja 145,K006,40,35,25,0,0,3
Caja 146,K001,20,20,25,0,0,3
Caja 147,K006,40,35,25,0,0,3
Caja 148,K006,40,35,25,0,0,3
Caja 149,K006,40,35,25,0,0,3
Caja 150,K006,40,35,25,0,0,3
Caja 151,K005,40,25,25,0,0,3
Caja 152,K006,40,35,25,0,0,3
Caja 153,K002,25,25,25,0,0,3
Caja 154,K004,35,30,25,0,0,3
Caja 155,K005,40,25,25,0,0,3
Caja 156,K005,40,25,25,0,0,3
Caja 157,K005,40,25,25,0,0,3
Caja 158,K006,40,35,25,0,0,3
Caja 159,K005,40,25,25,0,0,3
Caja 160,K005,40,25,25,0,0,3
Caja 161,K006,40,35,25,0,0,3
Caja 162,K001,20,20,25,0,0,3
Caja 163,K003,30,30,25,0,0,3
Caja 164,K004,35,30,25,0,0,3
Caja 165,K004,35,30,25,0,0,3
Caja 166,K001,20,20,25,0,0,3
Caja 167,K001,20,20,25,0,0,3
Caja 168,K005,40,25,25,0,0,3
Caja 169,K004,35,30,25,0,0,3
Caja 170,K002,25,25,25,0,0,3
Caja 171,K006,40,35,25,0,0,3
Caja 172,K001,20,20,25,0,0,3
Caja 173,K006,40,35,25,0,0,3
Caja 174,K004,35,30,25,0,0,3
Caja 175,K003,30,30,25,0,0,3
Caja 176,K005,40,25,25,0,0,3
Caja 177,K004,35,30,25,0,0,3
Caja 178,K004,35,30,25,0,0,3
Caja 179,K001,20,20,25,0,0,3
Caja 180,K003,30,30,25,0,0,3
Caja 181,K005,40,25,25,0,0,3
Caja 182,K002,25,25,25,0,0,3
Caja 183,K004,35,30,25,0,0,3
Caja 184,K005,40,25,25,0,0,3
Caja 185,K002,25,25,25,0,0,3
Caja 186,K004,35,30,25,0,0,3
Caja 187,K006,40,35,25,0,0,3
Caja 188,K003,30,30,25,0,0,3
Caja 189,K003,30,30,25,0,0,3
Caja 190,K003,30,30,25,0,0,3
Caja 191,K005,40,25,25,0,0,3
Caja 192,K001,20,20,25,0,0,3
Caja 193,K004,35,30,25,0,0,3
Caja 194,K001,20,20,25,0,0,3
Caja 195,K002,25,25,25,0,0,3
Caja 196,K003,30,30,25,0,0,3
Caja 197,K003,30,30,25,0,0,3
Caja 198,K002,25,25,25,0,0,3
Caja 199,K005,40,25,25,0,0,3
Caja 200,K004,35,30,25,0,0,3
Caja 201,K006,40,35,25,0,0,3
Caja 202,K003,30,30,25,0,0,3
Caja 203,K002,25,25,25,0,0,3
Caja 204,K006,40,35,25,0,0,3
Caja 205,K006,40,35,25,0,0,3
Caja 206,K006,40,35,25,0,0,3
Caja 207,K003,30,30,25,0,0,3
Caja 208,K006,40,35,25,0,0,3
Caja 209,K006,40,35,25,0,0,3
Caja 210,K002,25,25,25,0,0,3
Caja 211,K004,35,30,25,0,0,3
Caja 212,K004,35,30,25,0,0,3
Caja 213,K003,30,30,25,0,0,3
Caja 214,K001,20,20,25,0,0,3
Caja 215,K006,40,35,25,0,0,3
Caja 216,K001,20,20,25,0,0,3
Caja 217,K004,35,30,25,0,0,3
Caja 218,K005,40,25,25,0,0,3
Caja 219,K004,35,30,25,0,0,3
Caja 220,K005,40,25,25,0,0,3
Caja 221,K001,20,20,25,0,0,3
Caja 222,K006,40,35,25,0,0,3
Caja 223,K004,35,30,25,0,0,3
Caja 224,K002,25,25,25,0,0,3
Caja 225,K006,40,35,25,0,0,3
Caja 226,K002,25,25,25,0,0,3
Caja 227,K006,40,35,25,0,0,3
Caja 228,K001,20,20,25,0,0,3
Caja 229,K003,30,30,25,0,0,3
Caja 230,K003,30,30,25,0,0,3
Caja 231,K003,30,30,25,0,0,3
Caja 232,K005,40,25,25,0,0,3
Caja 233,K001,20,20,25,0,0,3
Caja 234,K005,40,25,25,0,0,3
Caja 235,K004,35,30,25,0,0,3
Caja 236,K001,20,20,25,0,0,3
Caja 237,K001,20,20,25,0,0,3
Caja 238,K005,40,25,25,0,0,3
Caja 239,K001,20,20,25,0,0,3
Caja 240,K006,40,35,25,0,0,3
Caja 241,K003,30,30,25,0,0,3
Caja 242,K006,40,35,25,0,0,3
Caja 243,K002,25,25,25,0,0,3
Caja 244,K004,35,30,25,0,0,3
Caja 245,K001,20,20,25,0,0,3
Caja 246,K004,35,30,25,0,0,3
Caja 247,K004,35,30,25,0,0,3
Caja 248,K001,20,20,25,0,0,3
Caja 249,K004,35,30,25,0,0,3
Caja 250,K003,30,30,25,0,0,3
Caja 251,K003,30,30,25,0,0,3
Caja 252,K001,20,20,25,0,0,3
Caja 253,K006,40,35,25,0,0,3
Caja 254,K006,40,35,25,0,0,3
Caja 255,K004,35,30,25,0,0,3
Caja 256,K002,25,25,25,0,0,3
Caja 257,K004,35,30,25,0,0,3
Caja 258,K003,30,30,25,0,0,3
Caja 259,K005,40,25,25,0,0,3
Caja 260,K003,30,30,25,0,0,3
Caja 261,K001,20,20,25,0,0,3
Caja 262,K002,25,25,25,0,0,3
Caja 263,K001,20,20,25,0,0,3
Caja 264,K003,30,30,25,0,0,3
Caja 265,K006,40,35,25,0,0,3
Caja 266,K004,35,30,25,0,0,3
Caja 267,K001,20,20,25,0,0,3
Caja 268,K006,40,35,25,0,0,3
Caja 269,K003,30,30,25,0,0,3
Caja 270,K006,40,35,25,0,0,3
Caja 271,K004,35,30,25,0,0,3
Caja 272,K003,30,30,25,0,0,3
Caja 273,K004,35,30,25,0,0,3
Caja 274,K006,40,35,25,0,0,3
Caja 275,K001,20,20,25,0,0,3
Caja 276,K006,40,35,25,0,0,3
Caja 277,K006,40,35,25,0,0,3
Caja 278,K006,40,35,25,0,0,3
Caja 279,K002,25,25,25,0,0,3
Caja 280,K002,25,25,25,0,0,3
Caja 281,K004,35,30,25,0,0,3
Caja 282,K001,20,20,25,0,0,3
Caja 283,K003,30,30,25,0,0,3
Caja 284,K004,35,30,25,0,0,3
Caja 285,K002,25,25,25,0,0,3
Caja 286,K003,30,30,25,0,0,3
Caja 287,K006,40,35,25,0,0,3
Caja 288,K006,40,35,25,0,0,3
Caja 289,K006,40,35,25,0,0,3
Caja 290,K004,35,30,25,0,0,3
Caja 291,K002,25,25,25,0,0,3
Caja 292,K001,20,20,25,0,0,3
Caja 293,K006,40,35,25,0,0,3
Caja 294,K004,35,30,25,0,0,3
Caja 295,K001,20,20,25,0,0,3
Caja 296,K006,40,35,25,0,0,3
Caja 297,K006,40,35,25,0,0,3
Caja 298,K001,20,20,25,0,0,3
Caja 299,K002,25,25,25,0,0,3
Caja 300,K002,25,25,25,0,0,3
Caja 301,K006,40,35,25,0,0,3
Caja 302,K006,40,35,25,0,0,3
Caja 303,K005,40,25,25,0,0,3
Caja 304,K005,40,25,25,0,0,3
Caja 305,K001,20,20,25,0,0,3
Caja 306,K005,40,25,25,0,0,3
Caja 307,K002,25,25,25,0,0,3
Caja 308,K005,40,25,25,0,0,3
Caja 309,K004,35,30,25,0,0,3
Caja 310,K001,20,20,25,0,0,3
Caja 311,K005,40,25,25,0,0,3
Caja 312,K005,40,25,25,0,0,3
Caja 313,K006,40,35,25,0,0,3
Caja 314,K001,20,20,25,0,0,3
Caja 315,K003,30,30,25,0,0,3
Caja 316,K003,30,30,25,0,0,3
Caja 317,K006,40,35,25,0,0,3
Caja 318,K005,40,25,25,0,0,3
Caja 319,K002,25,25,25,0,0,3
Caja 320,K002,25,25,25,0,0,3
Caja 321,K004,35,30,25,0,0,3
Caja 322,K004,35,30,25,0,0,3
Caja 323,K005,40,25,25,0,0,3
Caja 324,K004,35,30,25,0,0,3
Caja 325,K005,40,25,25,0,0,3
Caja 326,K006,40,35,25,0,0,3
Caja 327,K002,25,25,25,0,0,3
Caja 328,K005,40,25,25,0,0,3
Caja 329,K005,40,25,25,0,0,3
Caja 330,K002,25,25,25,0,0,3
Caja 331,K006,40,35,25,0,0,3
Caja 332,K003,30,30,25,0,0,3
Caja 333,K001,20,20,25,0,0,3
Caja 334,K005,40,25,25,0,0,3
Caja 335,K005,40,25,25,0,0,3
Caja 336,K001,20,20,25,0,0,3
Caja 337,K001,20,20,25,0,0,3
Caja 338,K002,25,25,25,0,0,3
Caja 339,K006,40,35,25,0,0,3
Caja 340,K002,25,25,25,0,0,3
Caja 341,K001,20,20,25,0,0,3
Caja 342,K006,40,35,25,0,0,3
Caja 343,K002,25,25,25,0,0,3
Caja 344,K004,35,30,25,0,0,3
Caja 345,K004,35,30,25,0,0,3
Caja 346,K004,35,30,25,0,0,3
Caja 347,K006,40,35,25,0,0,3
Caja 348,K005,40,25,25,0,0,3
Caja 349,K002,25,25,25,0,0,3
Caja 350,K003,30,30,25,0,0,3
Caja 351,K006,40,35,25,0,0,3
Caja 352,K001,20,20,25,0,0,3
Caja 353,K001,20,20,25,0,0,3
Caja 354,K006,40,35,25,0,0,3
Caja 355,K005,40,25,25,0,0,3
Caja 356,K003,30,30,25,0,0,3
Caja 357,K003,30,30,25,0,0,3
Caja 358,K006,40,35,25,0,0,3
Caja 359,K006,40,35,25,0,0,3
Caja 360,K001,20,20,25,0,0,3
Caja 361,K002,25,25,25,0,0,3
Caja 362,K001,20,20,25,0,0,3
Caja 363,K001,20,20,25,0,0,3
Caja 364,K003,30,30,25,0,0,3
Caja 365,K002,25,25,25,0,0,3
Caja 366,K002,25,25,25,0,0,3
Caja 367,K002,25,25,25,0,0,3
Caja 368,K002,25,25,25,0,0,3
Caja 369,K004,35,30,25,0,0,3
Caja 370,K002,25,25,25,0,0,3
Caja 371,K001,20,20,25,0,0,3
Caja 372,K006,40,35,25,0,0,3
Caja 373,K004,35,30,25,0,0,3
Caja 374,K005,40,25,25,0,0,3
Caja 375,K004,35,30,25,0,0,3
Caja 376,K006,40,35,25,0,0,3
Caja 377,K004,35,30,25,0,0,3
Caja 378,K002,25,25,25,0,0,3
Caja 379,K002,25,25,25,0,0,3
Caja 380,K006,40,35,25,0,0,3
Caja 381,K001,20,20,25,0,0,3
Caja 382,K002,25,25,25,0,0,3
Caja 383,K006,40,35,25,0,0,3
Caja 384,K002,25,25,25,0,0,3
Caja 385,K004,35,30,25,0,0,3
Caja 386,K003,30,30,25,0,0,3
Caja 387,K005,40,25,25,0,0,3
Caja 388,K001,20,20,25,0,0,3
Caja 389,K005,40,25,25,0,0,3
Caja 390,K003,30,30,25,0,0,3
Caja 391,K006,40,35,25,0,0,3
Caja 392,K003,30,30,25,0,0,3
Caja 393,K006,40,35,25,0,0,3
Caja 394,K004,35,30,25,0,0,3
Caja 395,K004,35,30,25,0,0,3
Caja 396,K001,20,20,25,0,0,3
Caja 397,K002,25,25,25,0,0,3
Caja 398,K005,40,25,25,0,0,3
Caja 399,K004,35,30,25,0,0,3
Caja 400,K003,30,30,25,0,0,3
Caja 401,K003,30,30,25,0,0,3
Caja 402,K006,40,35,25,0,0,3
Caja 403,K004,35,30,25,0,0,3
Caja 404,K006,40,35,25,0,0,3
Caja 405,K006,40,35,25,0,0,3
Caja 406,K006,40,35,25,0,0,3
Caja 407,K005,40,25,25,0,0,3
Caja 408,K004,35,30,25,0,0,3
Caja 409,K001,20,20,25,0,0,3
Caja 410,K002,25,25,25,0,0,3
Caja 411,K002,25,25,25,0,0,3
Caja 412,K002,25,25,25,0,0,3
Caja 413,K006,40,35,25,0,0,3
Caja 414,K002,25,25,25,0,0,3
Caja 415,K003,30,30,25,0,0,3
Caja 416,K004,35,30,25,0,0,3
Caja 417,K003,30,30,25,0,0,3
Caja 418,K002,25,25,25,0,0,3
Caja 419,K003,30,30,25,0,0,3
Caja 420,K002,25,25,25,0,0,3
Caja 421,K005,40,25,25,0,0,3
Caja 422,K005,40,25,25,0,0,3
Caja 423,K002,25,25,25,0,0,3
Caja 424,K002,25,25,25,0,0,3
Caja 425,K004,35,30,25,0,0,3
Caja 426,K005,40,25,25,0,0,3
Caja 427,K005,40,25,25,0,0,3
Caja 428,K005,40,25,25,0,0,3
Caja 429,K004,35,30,25,0,0,3
Caja 430,K006,40,35,25,0,0,3
Caja 431,K003,30,30,25,0,0,3
Caja 432,K006,40,35,25,0,0,3
Caja 433,K004,35,30,25,0,0,3
Caja 434,K005,40,25,25,0,0,3
Caja 435,K003,30,30,25,0,0,3
Caja 436,K004,35,30,25,0,0,3
Caja 437,K004,35,30,25,0,0,3
Caja 438,K005,40,25,25,0,0,3
Caja 439,K001,20,20,25,0,0,3
Caja 440,K001,20,20,25,0,0,3
Caja 441,K005,40,25,25,0,0,3
Caja 442,K003,30,30,25,0,0,3
Caja 443,K001,20,20,25,0,0,3
Caja 444,K002,25,25,25,0,0,3
Caja 445,K002,25,25,25,0,0,3
Caja 446,K001,20,20,25,0,0,3
Caja 447,K001,20,20,25,0,0,3
Caja 448,K004,35,30,25,0,0,3
Caja 449,K003,30,30,25,0,0,3
Caja 450,K005,40,25,25,0,0,3
Caja 451,K005,40,25,25,0,0,3
Caja 452,K005,40,25,25,0,0,3
Caja 453,K005,40,25,25,0,0,3
Caja 454,K001,20,20,25,0,0,3
Caja 455,K005,40,25,25,0,0,3
Caja 456,K004,35,30,25,0,0,3
Caja 457,K005,40,25,25,0,0,3
Caja 458,K003,30,30,25,0,0,3
Caja 459,K002,25,25,25,0,0,3
Caja 460,K001,20,20,25,0,0,3
Caja 461,K006,40,35,25,0,0,3
Caja 462,K001,20,20,25,0,0,3
Caja 463,K002,25,25,25,0,0,3
Caja 464,K002,25,25,25,0,0,3
Caja 465,K003,30,30,25,0,0,3
Caja 466,K002,25,25,25,0,0,3
Caja 467,K003,30,30,25,0,0,3
Caja 468,K005,40,25,25,0,0,3
Caja 469,K004,35,30,25,0,0,3
Caja 470,K003,30,30,25,0,0,3
Caja 471,K002,25,25,25,0,0,3
Caja 472,K002,25,25,25,0,0,3
Caja 473,K003,30,30,25,0,0,3
Caja 474,K002,25,25,25,0,0,3
Caja 475,K002,25,25,25,0,0,3
Caja 476,K004,35,30,25,0,0,3
Caja 477,K003,30,30,25,0,0,3
Caja 478,K004,35,30,25,0,0,3
Caja 479,K003,30,30,25,0,0,3
Caja 480,K001,20,20,25,0,0,3
Caja 481,K005,40,25,25,0,0,3
Caja 482,K003,30,30,25,0,0,3
Caja 483,K001,20,20,25,0,0,3
Caja 484,K006,40,35,25,0,0,3
Caja 485,K005,40,25,25,0,0,3
Caja 486,K005,40,25,25,0,0,3
Caja 487,K003,30,30,25,0,0,3
Caja 488,K005,40,25,25,0,0,3
Caja 489,K002,25,25,25,0,0,3
Caja 490,K001,20,20,25,0,0,3
Caja 491,K003,30,30,25,0,0,3
Caja 492,K004,35,30,25,0,0,3
Caja 493,K002,25,25,25,0,0,3
Caja 494,K005,40,25,25,0,0,3
Caja 495,K006,40,35,25,0,0,3
Caja 496,K003,30,30,25,0,0,3
Caja 497,K003,30,30,25,0,0,3
Caja 498,K003,30,30,25,0,0,3
Caja 499,K002,25,25,25,0,0,3
Caja 500,K006,40,35,25,0,0,3
